1135427
29288101
708269142
10398406
7973282
1570036
2641734
18651916
4308947
1786309
2435958
8619714
21236938
20292484
784939539
82004209
8299953
4278557
47696541
1454588
793911006
78001019
34480182
10261702
12532539
12530973
9816982
6658215
10296752
9961218
9624228
6658240
10262210
9696947
40766514
32516388
2855793
11499934
49707116
11838648
1696681
32122944
8132872
1639866
17752170
9412809
2244062
4883644
17749134
4436116
17753902
2010625
1588361
55849629
32525737
36967409
2417423
23665529
2417423
2412661
1028790
1784562
32898454
1812135
3361174
2109449
1713809
8993767
1692008
1134060
5240074
4014260
4538689
2929535
3483679
3033751
3310659
2133812
2660086
3473173
3151099
2306163
1812115
2695813
926312
16394858
3965532
1136978
1113873
972883
896364
2992668
1760773
9901069
3772685
47720772
37111376
15073102
23179203
9197566
10273446
9687547
859809
21325366
23067478
6690265
30159329
31737204
17205133
8670328
8590771
7999278
8628550
6763718
8132372
9568527
32897604
32897655
24508054
1760773
2992668
1760771
6343381
1623938
1713809
1714215
5358457
3341415
8150136
8139567
2241768
11985528
23067478
23665529
30587958
11972751
32384500
34480182
24856243
32384392
1772652
4892069
9600075
22005213
1771374
32122944
24550258
4443315
9401491
20405324
5587890
45911271
9279291
39146162
41719312
6468851
6888294
33913824
50414800
28310222
1085441
312087369
84003662
17628410
34925871
9025898
78021735
10326008
11490680
5358198
218245242
3127867
9495282
5108544
47173784
1192459
37179748
1192459
43604782
26672117
82001281
3128315
1751142
43088240
1214235
1776189
751249285
847761655
761845202
826772276
764339164
298778948
740493603
550553929
4741341
55600823
2922388
143763819
19777763
26313837
44391351
42823706
2759637
12727080
57773814
43854518
57443588
41096805
41096800
41096815
41096812
34954767
61390606
34726930
38157587
48389187
36832593
10237363
82026315
25754934
17791788
3329460
6813571
2112653
1480046
300583887
1729151
3150891
2266299
6594654
682507728
27764339
6594654
682507728
1307697
57726613
43662949
2443607
3430770
2442439
22749066
18615630
18490555
11774531
6671674
2443721
2585650
2585585
1793757
2442312
3520123
2243126
8960123
3212825
2248435
30598146
2443608
21679865
21531570
15020971
13320766
4623740
2872202
1796096
1796481
3216421
63846317
46361426
13947782
1934787
28784434
13459259
43895154
22070675
22180590
22676226
7728425
37437576
15034827
4358845
56404913
251886
2606718
46645299
25409042
38249916
607105905
609350832
61169695
607614952
607917255
19132745
19132755
49946842
823177198
764449315
823140336
57311738
2808083
1223593
2038477
20444133
47441533
5527339
4896182
29897843
10855747
12437670
8233103
49877739
24803518
10863197
1772680
7298156
11629830
4896182
13136240
1763783
1763784
1774136
1665239
8226001
598955
5751452
2769999
16998315
7294780
1224981
1607369
3512104
2635452
3301050
5580333
10385317
2430382
6946344
54249314
486413
58968398
50283215
606931281
608670418
6277731
48117008
606632236
57920259
3442037
33948695
50296576
41455276
646968764
41612608
52093445
51929778
41096142
33948695
27460410
55680810
688298
50423605
14697287
26010178
58797724
656545514
52496156
52346229
55534907
44917768
1556614
44270364
48179295
604812668
609177233
50695523
85851703
948241251
52631213
44625541
40876105
77005268
54482369
62708119
2754225
23931372
19931292
51974912
606949353
2430382
16843868
52292471
657060
51327825
80015077
11116538
48636949
51856484
45016160
62617878
6153421
347526
67291456
72000482
41256332
607176867
46350767
58386984
49341439
606881310
166747887
77005125
58968167
1225860
44696362
51856484
56733591
33258825
71200610
218574894
4141973
904776
44118357
656968238
45293937
52617629
216762193
71209796
607884121
608673748
70851387
41161916
52558134
44698705
9102360
41565464
51560578
9700169
45096118
46438700
35574792
50265274
656560363
48847655
50481008
52967118
71857264
48542556
62395394
61235483
30449732
27389852
7958432
31304823
28476775
154998952
12046450
52347779
42692191
40200067
45845538
654675941
31661741
46600221
34961626
5254807
33195770
39671943
606298666
750562511
42652751
606534130
55729975
50129359
49261214
61179637
52457891
50022818
40159108
37705335
36942932
647695991
50591256
606951862
44675930
606516585
607892978
40433318
43390839
9502228
9202109
44055783
53044920
4883396
561621391
39671135
46422143
53871388
39765586
300463088
80019813
608149158
42393584
606309470
77004086
607784363
43227423
2684547
43403474
52358713
56656897
44701019
53709757
227335848
44045529
40830170
47224450
3870428
42772306
57730827
328417
49240029
43487271
44777325
37612012
41543324
57134340
49011201
606839609
44885300
606562575
50091931
606903980
609984664
61717664
57004021
80013922
40499967
1931983
9202136
44414012
178753
571934760
631592141
6229455
49261214
41612427
47297595
2384356
45172056
606561023
79017570
60321468
1490212
38732233
607063133
42745593
606335150
14444278
30610141
505957284
356898
9601236
78005684
1298305
29432281
45621034
606552070
69224
40996030
607268540
609113994
43706832  
50090174  
7377521 
76064565  
52686242  
39522929  
606005038 
607351295 
6780552 
52559180  
60824250  
60824249  
39024802  
39002854  
6900084 
35758266  
636909648 
11489958  
69680037  
42863030  
86004691  
53145525  
60320515  
38043014  
607120952 
608246471 
50417247  
605673339 
37260858  
607069737 
50496318  
162136581 
44760094  
44796867  
8402591 
49183808  
32136245  
56363127  
43095946  
54677650  
83009651  
1534325 
44480655  
78020336  
79017574  
36977175  
605394676 
44579038  
647010747 
9202342 
944198137 
39300747  
39147847  
607116376 
43615531  
681735934 
181923746 
82026238  
37801362  
607096288 
14107286  
48996005  
60248590  
53861948  
48767655  
9528733 
49264164  
9500361 
2324904 
823887118 
38521426  
64335860  
44174289  
41337974  
1898202 
450014  
145448148 
45829818  
45958238  
56682673  
45797128  
44174289  
55729975  
60561543  
49421708  
55839431  
137334585 
48905646  
62821711  
44099542  
55625055  
57422217  
607743567 
38593749  
607115200 
48361718  
654520171 
9202991 
557729663 
25090352  
54529686  
49959231  
46978505  
42835262  
606297418 
50065089  
44732348  
606532939 
44446866  
606485973 
1160990 
551470965 
53131789  
51607716  
51737979  
47915502  
45828446  
42719346  
654732070 
10559313  
654745323 
47764278  
606624117 
42684477  
192043515 
71269956  
48573256  
50785630  
5362360 
615135421 
58967261  
656839262 
48173790  
123551219 
65431804  
839308926 
51883785  
17196411  
43647419  
52113240  
52584280  
50823917  
5712722 
56929644  
607269856 
51882917  
42251325  
607390435 
607888495 
51333935  
656484083 
55958428  
42667240  
76948237  
52389327  
41621361  
43581238  
42842848  
124067323 
42398439  
656596107 
43479525  
606747254 
70046798  
56985951  
52295613  
656479205 
11684291  
564591545 
41647916  
51822006  
60325913  
51732969  
39639919  
76880599  
29715364  
42399925  
46449984  
80016537  
638821200 
2454831 
44110967  
606643532 
607129384 
52351595  
659403138 
62515607  
51917736  
50210611  
43324366  
648502184 
13227346  
55985014  
51953520  
41086843  
947254516 
68481541  
656764448 
54529686  
43657228  
656824415 
23252711  
24053198  
65464972  
288524234 
42374529  
44990136  
1353897 
70658333  
42911350  
60934404  
48450070  
80014233  
607678258 
56388349  
60525301  
50543006  
656641153 
28134377  
57312081  
656764021 
47799758  
606577875 
608167681 
32855001  
56733752  
38363836  
606172118 
606478584 
3366853 
34094115  
21655761  
28194310  
18028283  
9315377 
5289688 
11736394  
18205915  
18205979  
25294976  
45191097  
2921290 
51053554  
22626025  
28441881  
3200588 
45272572  
85017946  
38176579  
52055841  
41026641  
9401201 
14271260  
12106483  
5007572 
2129586 
646905093 
24374450  
45827701  
52414416  
45308840  
81957921  
45573300  
45615908  
16001746  
1949492 
761474378 
45539761  
620681365 
363490  
51233225  
38149400  
7196489 
58430708  
50285359  
43115125  
41646477  
43308654  
67609650  
607766840 
607773244 
797971087 
276287180 
54677650  
48070352  
71304633  
45066207  
606605288 
53824207  
607166756 
607745665 
31859422  
647271552 
11371132  
60248590  
56329836  
607563296 
184984047 
41185162  
17250708  
575485106 
43615531  
681735934 
38860013
682074319
1570611
8614722
8614733
8614745
