1003644,231003644
1023689,221023689
1023950,221023950
1024126,221024126
1024754,231024754
1026057,221026057
1027500,731027500
1028860,551028860
1038488,501038488
1038977,501038977
1038981,501038981
1046126,231046126
105313,760105313
1055399,181055399
1061016,811061016
1067061,131067061
1067206,501067206
1068510,811068510
1068519,811068519
1068634,811068634
1069655,131069655
1072009,131072009
1072354,811072354
1072448,181072448
1072640,811072640
1072708,811072708
1072796,811072796
1073157,811073157
1073197,811073197
107731,670107731
1077550,321077550
1078930,181078930
1078932,181078932
1078936,181078936
1081250,311081250
1117900,181117900
113024,670113024
1138652,811138652
1139917,811139917
1139998,811139998
1140281,811140281
1140329,811140329
1140384,811140384
1140436,811140436
1140494,811140494
1140502,811140502
1140751,811140751
1141488,811141488
1141509,811141509
1141947,301141947
1142173,811142173
1143797,811143797
1143839,811143839
114481,670114481
1146801,231146801
1146853,231146853
1146881,231146881
1148926,551148926
115097,670115097
115832,670115832
116213,670116213
116619,670116619
1189736,191189736
1189819,191189819
1190231,191190231
1190314,191190314
1190721,191190721
121432,670121432
122811,670122811
1250446,151250446
1255671,191255671
1255711,191255711
1255715,191255715
1255718,191255718
1272669,501272669
1272670,501272670
128762,320128762
128956,320128956
129889,320129889
1301051,191301051
1301055,191301055
1301057,191301057
1301631,291301631
1303016,461303016
130493,320130493
1314735,301314735
1335026,181335026
1344833,291344833
1344834,291344834
1376111,751376111
1423919,181423919
1423920,181423920
1426886,271426886
1441449,221441449
1504773,841504773
1510666,181510666
1510671,181510671
1517605,671517605
1520995,311520995
1521108,311521108
1551566,311551566
1551683,311551683
1551722,311551722
1551765,311551765
1558380,311558380
1564854,811564854
1566519,811566519
1569808,461569808
1574568,461574568
1581409,181581409
159629,320159629
1604036,811604036
1615133,681615133
1618169,821618169
1619432,811619432
1629741,221629741
1629984,221629984
1634009,271634009
1634015,271634015
1635998,811635998
1640288,821640288
1640850,181640850
1655416,181655416
16615,130016615
1669844,681669844
1677691,231677691
1677707,231677707
1678609,781678609
1678613,781678613
1678634,781678634
1694919,421694919
1696169,191696169
1708515,191708515
1709661,191709661
1712791,191712791
1718905,191718905
1726571,181726571
1726574,181726574
1729085,191729085
1730644,271730644
1733891,631733891
1746403,231746403
1752564,191752564
1752706,191752706
1752711,191752711
1752746,191752746
1752881,271752881
1756519,731756519
1756734,731756734
1758273,731758273
1759834,181759834
1762946,191762946
1762947,191762947
1767041,191767041
1767502,681767502
1770332,461770332
1775427,811775427
1778915,181778915
1793847,181793847
180552,660180552
1806333,271806333
1806592,671806592
181720,690181720
1825783,191825783
1859389,181859389
1859459,181859459
186175,640186175
186249,250186249
1863663,191863663
1863665,191863665
1863668,191863668
1866148,711866148
188026,630188026
189406,180189406
1897744,191897744
1897746,191897746
1897747,191897747
1897755,191897755
1914634,731914634
1936877,221936877
1937022,221937022
1937125,221937125
1937595,221937595
1940702,221940702
1948702,781948702
195169,180195169
1954309,781954309
197182,350197182
1974705,721974705
1979983,191979983
1990951,191990951
1996980,741996980
1996999,741996999
2010530,672010530
201594,320201594
202221,320202221
202227,320202227
202712,320202712
202975,320202975
203072,320203072
203415,320203415
203912,320203912
203917,320203917
2041382,192041382
2041384,192041384
2041385,192041385
2041388,192041388
204253,320204253
204313,320204313
2043526,192043526
2043532,192043532
2046735,192046735
2046788,192046788
204682,320204682
204687,320204687
2049421,182049421
205005,320205005
2051648,192051648
205436,320205436
205690,320205690
205938,320205938
206566,320206566
2070115,772070115
2072393,252072393
208864,320208864
2128591,162128591
213242,320213242
2135691,222135691
213975,320213975
214115,320214115
214148,320214148
214249,320214249
214331,320214331
2154132,212154132
215977,320215977
218114,320218114
2183995,702183995
219525,320219525
2195569,692195569
219579,320219579
2197695,702197695
2197930,692197930
2198466,692198466
2198776,702198776
2199056,702199056
2203418,702203418
2206388,702206388
2208709,702208709
220881,320220881
2210579,702210579
2210730,702210730
2213559,702213559
2213585,702213585
2213642,702213642
2214166,702214166
2219705,682219705
2232147,222232147
224067,320224067
224070,320224070
224664,610224664
224671,610224671
224674,610224674
224675,610224675
224849,610224849
225372,320225372
2260470,122260470
2271656,272271656
227227,320227227
2276127,122276127
2278844,122278844
2279174,232279174
2291746,802291746
2317088,292317088
2323065,812323065
2325042,232325042
2325052,232325052
2333739,122333739
233488,670233488
2343637,202343637
2346041,812346041
2350567,742350567
2352393,232352393
235367,610235367
235690,610235690
235887,610235887
237062,610237062
2371097,212371097
2371106,212371106
2371107,212371107
237215,610237215
2381280,232381280
2381299,232381299
2381304,232381304
238740,610238740
238852,610238852
238869,610238869
240234,610240234
240238,610240238
2408240,212408240
2411427,812411427
2411620,812411620
242137,610242137
2422478,292422478
2424266,472424266
2428732,292428732
243010,610243010
2456773,292456773
2461932,832461932
2463244,812463244
2473352,122473352
2473656,472473656
2473918,252473918
2477385,812477385
2477493,812477493
2479236,262479236
2504932,162504932
2514432,692514432
2517491,692517491
2519491,292519491
2528343,292528343
2528383,292528383
2531901,172531901
2535225,602535225
2535907,222535907
2538095,232538095
2543410,272543410
2552594,182552594
2554961,182554961
2569196,702569196
2575823,232575823
2598319,502598319
2602956,612602956
2620684,182620684
2620685,182620685
2620692,182620692
2625598,232625598
2625599,232625599
2625607,232625607
2625621,232625621
2625824,212625824
2631728,182631728
2641743,232641743
2642111,232642111
2643413,232643413
2644190,232644190
2644317,232644317
2644444,232644444
2653511,232653511
2653514,232653514
2653516,232653516
2658805,182658805
2658848,182658848
2663913,232663913
2664071,232664071
267116,320267116
2701448,262701448
2701938,262701938
2703237,262703237
2703416,472703416
2716478,182716478
2716479,182716479
2725405,822725405
2729006,312729006
2748806,692748806
2753426,312753426
2755740,612755740
275708,320275708
276290,320276290
276437,320276437
276728,320276728
277121,810277121
2772288,232772288
2772311,232772311
2772519,232772519
2772598,232772598
277507,320277507
2778971,712778971
2778984,712778984
279230,320279230
2797980,172797980
280063,730280063
281563,810281563
2817077,252817077
28196,220028196
281998,320281998
2828860,642828860
283229,320283229
2855681,182855681
2869173,312869173
287906,810287906
2883565,182883565
288456,810288456
2907474,122907474
2907658,122907658
2911772,312911772
292817,780292817
2938821,122938821
2946833,182946833
2947906,792947906
2955179,612955179
2957322,172957322
2958022,232958022
2959050,232959050
2959151,232959151
2959278,232959278
2960351,232960351
2960362,812960362
2960569,232960569
2966203,822966203
2966218,822966218
2966244,822966244
2966249,822966249
2967506,822967506
2967540,822967540
2967546,822967546
2967601,822967601
2967617,822967617
2967628,822967628
2967637,822967637
2967645,822967645
2967651,822967651
2967660,822967660
2967679,822967679
2967702,822967702
2967712,822967712
2967717,822967717
2967719,822967719
2967729,822967729
2967737,822967737
2967743,822967743
2967752,822967752
2967762,822967762
2967767,822967767
2967781,822967781
2967785,822967785
2967788,822967788
2967795,822967795
2967797,822967797
2967801,822967801
2967812,822967812
2967820,822967820
2967833,822967833
2967843,822967843
2967975,822967975
2968168,822968168
2968437,822968437
2968573,822968573
2968686,822968686
2968846,822968846
296975,310296975
2972312,842972312
2972470,682972470
297974,180297974
2998602,122998602
3005663,223005663
3005831,123005831
3006502,123006502
3010307,313010307
3016765,123016765
3021311,233021311
3021312,233021312
3021313,233021313
3021315,233021315
3021317,233021317
3025917,123025917
3026212,123026212
3027636,123027636
3028742,123028742
3067630,393067630
3077351,753077351
3077469,123077469
3077807,123077807
3078892,423078892
3079809,123079809
3081534,123081534
3082519,123082519
3083259,123083259
3083585,123083585
3086464,123086464
3087670,123087670
3087782,123087782
3087972,123087972
3088283,123088283
3089393,123089393
3090329,233090329
30948,610030948
3118196,663118196
3126055,723126055
3127401,433127401
3127435,433127435
3128297,123128297
3128351,123128351
3128934,123128934
3129337,123129337
3129936,123129936
3129989,123129989
3130132,123130132
3131170,213131170
3131176,213131176
3131177,213131177
3133326,233133326
3146239,263146239
3147951,123147951
3157730,183157730
3160815,233160815
3160844,233160844
3161780,393161780
3170175,123170175
3173294,263173294
3176570,823176570
3177081,233177081
3179354,183179354
3179368,183179368
3179370,183179370
3179374,183179374
3185322,123185322
318883,670318883
3189853,173189853
3200121,683200121
3202002,123202002
3207053,123207053
3210170,613210170
3211802,123211802
3217403,743217403
3221334,613221334
3224213,123224213
3229751,183229751
3230559,183230559
3230721,793230721
3231881,183231881
3233404,183233404
3233408,183233408
3235042,183235042
3235212,183235212
3236319,183236319
3244614,183244614
3248539,123248539
3249317,123249317
3254126,123254126
3255783,123255783
3256159,123256159
3256407,123256407
3256541,123256541
3256861,123256861
3256975,123256975
3257274,123257274
3257663,123257663
3258245,123258245
3258604,123258604
3259784,123259784
3259917,123259917
3260983,123260983
3261475,123261475
3262426,123262426
3262501,123262501
3263068,123263068
3263129,123263129
3263133,123263133
3263534,123263534
3263579,123263579
3263584,123263584
3263598,123263598
3263604,123263604
3263871,123263871
3263877,123263877
3263887,123263887
3264306,123264306
3264581,123264581
3266137,123266137
3266526,123266526
3267160,123267160
3267517,123267517
3268135,123268135
3268258,183268258
3270442,183270442
3270461,183270461
3272273,183272273
3275624,123275624
3277494,163277494
3282575,173282575
3283406,233283406
3283407,233283407
3283411,233283411
3283492,123283492
3284367,123284367
3287507,123287507
3300074,213300074
3302796,183302796
3319406,123319406
3335536,663335536
3336674,663336674
3344502,733344502
3344774,123344774
3345381,123345381
3351552,213351552
3356825,123356825
3358065,173358065
3359932,123359932
3361214,123361214
3369668,123369668
3370811,663370811
3371299,123371299
3384178,173384178
3387221,183387221
3387350,183387350
3387354,173387354
3387552,173387552
3391729,183391729
3391753,183391753
3392708,173392708
3395293,503395293
3400793,803400793
3402867,183402867
3408161,223408161
3415729,123415729
3418278,123418278
3418320,123418320
3418595,123418595
3418630,123418630
3421299,123421299
3421384,123421384
3422783,183422783
3423081,183423081
3429378,173429378
3447991,503447991
3462544,133462544
3466970,753466970
3466973,753466973
3469892,213469892
3470969,243470969
3473042,213473042
3475852,273475852
3478538,213478538
3478541,213478541
3479572,173479572
3485332,463485332
3495893,173495893
3496904,213496904
3497867,253497867
3509173,173509173
3509176,173509176
3515647,823515647
3517078,123517078
3517542,213517542
3527262,123527262
353247,680353247
3541671,233541671
3541858,233541858
3552821,123552821
3557329,783557329
3566116,503566116
3573780,163573780
3574224,213574224
3578493,643578493
358037,320358037
358315,320358315
358681,320358681
358845,320358845
3593416,233593416
3597647,183597647
3597693,183597693
3597789,183597789
3597815,183597815
3597832,183597832
3597881,183597881
3597887,183597887
3600590,163600590
3610323,153610323
3621799,153621799
3621802,153621802
3623431,243623431
3625179,673625179
3632338,783632338
3633634,783633634
3634628,233634628
3636605,783636605
3637155,153637155
3641319,253641319
3650069,153650069
3659214,173659214
3659221,173659221
3664616,163664616
3677875,153677875
3677881,153677881
3677886,153677886
3677889,153677889
3677911,153677911
3677916,153677916
3682652,173682652
3683025,173683025
3683028,173683028
3696914,233696914
3696915,233696915
3696916,233696916
3696918,233696918
3707617,173707617
3708407,663708407
3728029,153728029
3730130,153730130
3730160,153730160
373148,820373148
3746397,213746397
3748328,213748328
3748990,213748990
3750433,153750433
375140,650375140
3753558,153753558
3754083,823754083
3754184,213754184
3754194,213754194
3759553,123759553
3762478,213762478
3763664,213763664
3764476,153764476
3770771,213770771
3773222,213773222
3784950,213784950
3785977,213785977
379537,320379537
379620,320379620
3796991,463796991
3798634,233798634
3798635,233798635
3800417,233800417
38021,220038021
3811911,213811911
3811913,213811913
3811918,213811918
3811919,213811919
3811922,213811922
3816089,123816089
381862,650381862
3821183,313821183
3838415,733838415
3847896,173847896
3865455,183865455
3865915,183865915
3865951,183865951
3868537,153868537
3868573,153868573
3873131,153873131
3875351,213875351
3878524,213878524
3881500,183881500
3882576,183882576
3883139,183883139
3883762,213883762
3883805,213883805
3883934,213883934
3884008,183884008
3884037,183884037
3887336,183887336
3891301,663891301
3891636,213891636
3893795,213893795
3894830,183894830
3896175,123896175
3896428,123896428
3897088,123897088
3900620,123900620
3901802,243901802
3904340,123904340
3904608,123904608
3907174,183907174
3908127,313908127
3915634,123915634
392310,220392310
392384,220392384
3925917,183925917
3925920,183925920
3926346,223926346
3927651,183927651
3927662,183927662
3927669,183927669
3927671,183927671
3927673,183927673
3927689,183927689
392892,220392892
3973063,803973063
3979055,443979055
4025560,504025560
4032073,214032073
4032934,214032934
4043477,424043477
405208,320405208
4056928,614056928
4070426,164070426
4071918,234071918
4071930,234071930
4080064,704080064
4080434,174080434
4080576,174080576
40811,220040811
4082235,234082235
4082616,234082616
4082791,234082791
4084910,234084910
4090974,124090974
4104181,704104181
4107677,724107677
41098,220041098
4112288,174112288
4116230,244116230
4133908,174133908
4138709,174138709
4140524,704140524
4152343,174152343
4152377,174152377
4159936,464159936
4166899,544166899
4168171,154168171
417315,840417315
4173296,234173296
4173316,234173316
4191589,244191589
4194627,154194627
4196618,174196618
4202189,234202189
4210238,244210238
4215877,154215877
4216509,754216509
4247218,604247218
4254039,664254039
4259970,234259970
4259971,234259971
42604,180042604
4261565,174261565
4264554,244264554
4270500,664270500
4271960,664271960
4277631,214277631
4279866,214279866
4284723,214284723
4302362,214302362
4310859,704310859
4313648,234313648
4313975,234313975
4364947,704364947
4382964,664382964
4396204,164396204
4403662,164403662
4406430,224406430
4434839,314434839
4443175,794443175
4450965,244450965
4458276,314458276
4464839,744464839
4465565,764465565
4468267,524468267
4470741,574470741
4475165,244475165
4479046,174479046
4479070,174479070
4479167,174479167
4479196,174479196
4480900,574480900
4483608,224483608
4498327,714498327
4517571,614517571
453621,780453621
4536620,614536620
4549743,794549743
4552674,274552674
4557553,224557553
4558777,794558777
4558969,254558969
456394,370456394
4595050,794595050
4595178,794595178
4595439,794595439
4595792,794595792
4596547,794596547
4596573,794596573
4607056,144607056
4607185,144607185
4607218,144607218
4607219,144607219
4607220,144607220
4607324,144607324
4607402,144607402
461982,820461982
4628818,254628818
4644189,834644189
465335,150465335
4659034,654659034
4666881,304666881
4667916,144667916
4670992,664670992
4674426,664674426
46775,220046775
4684784,144684784
468943,150468943
470012,150470012
4709735,264709735
4710433,264710433
4710657,264710657
473154,370473154
4732971,844732971
4740218,184740218
474763,320474763
4759752,664759752
4761432,844761432
4762591,644762591
4770351,844770351
477523,150477523
477585,150477585
479975,150479975
480120,150480120
480224,150480224
480254,150480254
4806062,664806062
4808891,144808891
4820194,664820194
4840810,184840810
4841975,184841975
4842089,184842089
4846572,754846572
485533,150485533
485745,150485745
4876136,164876136
4890941,804890941
4905310,184905310
4905322,184905322
4905327,184905327
4905335,184905335
4908797,234908797
4912930,864912930
4913954,864913954
4914624,864914624
4915200,864915200
4959641,844959641
4964850,244964850
4974655,214974655
4981150,774981150
4986297,184986297
4989211,464989211
4998774,184998774
5008495,175008495
5008508,175008508
5021373,185021373
5021374,185021374
5021375,185021375
5021376,185021376
5021377,185021377
5021378,185021378
5021379,185021379
5021380,185021380
5021381,185021381
5023563,185023563
5023603,185023603
5042113,755042113
5042116,755042116
5042189,185042189
5042391,865042391
5046334,695046334
5049454,225049454
5056458,185056458
5060717,255060717
5060952,845060952
5063116,175063116
5064617,505064617
5066688,845066688
506901,540506901
5071081,825071081
5075390,505075390
5085534,165085534
5094169,185094169
5094211,185094211
5099979,155099979
5115001,225115001
5122938,185122938
5122940,185122940
5122946,185122946
5122954,185122954
5122958,185122958
5122965,185122965
5125585,825125585
5143009,705143009
5151102,145151102
5162459,145162459
5180532,595180532
518490,730518490
5209419,175209419
5209430,175209430
5209526,175209526
5209530,175209530
5250018,715250018
5288599,315288599
5289779,175289779
5289780,175289780
5289783,175289783
5289784,175289784
5289785,175289785
5290542,175290542
5308316,175308316
5331354,795331354
5333139,795333139
5341196,145341196
5344827,145344827
5355137,495355137
5356231,145356231
5364591,535364591
5366475,145366475
5367239,145367239
5378085,145378085
5393000,315393000
5400979,815400979
5402605,145402605
542520,190542520
543520,190543520
543573,190543573
543657,190543657
5461713,855461713
5461805,855461805
5477431,505477431
547929,220547929
548789,180548789
548827,180548827
548910,180548910
5495248,225495248
5495512,225495512
5496589,155496589
5526443,695526443
5544180,805544180
5550392,225550392
556350,220556350
5576728,225576728
5577490,235577490
5594881,495594881
5601646,535601646
5614077,265614077
562115,100562115
5644507,255644507
565293,370565293
5693091,775693091
5705869,495705869
5708400,495708400
5709029,495709029
5740581,535740581
577496,670577496
5778841,315778841
5786183,505786183
5790169,815790169
5842234,825842234
5842335,825842335
5842916,225842916
5843053,225843053
5843081,225843081
5843825,825843825
5846342,825846342
5848203,825848203
5850695,825850695
585255,220585255
5852793,155852793
5870237,235870237
5875985,455875985
5886670,225886670
5899797,785899797
590236,220590236
5918383,185918383
5918541,755918541
5922178,795922178
5929149,235929149
5940813,235940813
5941490,235941490
5941520,235941520
5950172,235950172
596108,850596108
5962543,505962543
5962859,605962859
5967952,665967952
5977553,245977553
5978868,215978868
5979317,215979317
5981240,815981240
5982258,605982258
6001998,786001998
6036490,786036490
6038385,766038385
6038709,766038709
6040216,506040216
6040350,506040350
6040354,506040354
6041029,756041029
6041329,756041329
6041348,666041348
6041358,756041358
6041632,506041632
6041848,506041848
6042427,756042427
6043222,506043222
6043234,506043234
6043240,506043240
6044326,426044326
6045893,436045893
6048381,506048381
6049256,236049256
6054868,506054868
6064917,766064917
6066741,316066741
6067939,766067939
6070003,646070003
6076150,236076150
6082340,176082340
6083432,506083432
6086964,236086964
6088500,456088500
6088518,456088518
6088543,456088543
6088584,456088584
6091611,456091611
6092581,226092581
6093843,796093843
6094402,506094402
6095773,456095773
6095778,456095778
6097771,746097771
6105960,236105960
6143522,236143522
6150014,216150014
6156750,506156750
6158084,606158084
6161578,236161578
6163526,496163526
6163533,496163533
6164201,496164201
6183782,826183782
6204053,226204053
6204219,226204219
6204253,226204253
6208640,226208640
620876,640620876
6213987,516213987
6216681,826216681
6222034,746222034
6224349,176224349
6225469,426225469
622949,310622949
6229770,166229770
6244974,696244974
6245622,506245622
6275923,166275923
6275987,166275987
6276043,166276043
6290411,166290411
6304799,436304799
6309847,476309847
6316833,186316833
6316849,186316849
6324944,316324944
6348022,526348022
635071,550635071
6363310,556363310
6372218,226372218
6388568,226388568
6391469,226391469
6393716,226393716
6399702,226399702
6427249,166427249
6449796,696449796
6493365,506493365
6500383,256500383
6500512,166500512
6501265,166501265
6503596,516503596
6511172,276511172
6552270,516552270
6554093,226554093
6556194,416556194
6586729,226586729
6587105,146587105
6614083,726614083
6621956,276621956
6624372,166624372
6629424,406629424
6629834,166629834
6632747,646632747
6633173,176633173
6636744,406636744
6639140,146639140
6643946,696643946
6647378,176647378
6655874,226655874
6657598,226657598
6662335,226662335
6664192,226664192
6665556,226665556
6691353,226691353
6694160,726694160
6712715,276712715
6721008,416721008
6726118,186726118
674235,270674235
675077,270675077
6765702,756765702
6770294,276770294
6776034,756776034
6776175,416776175
6797289,416797289
6810904,496810904
6810967,496810967
6812713,496812713
6812770,496812770
6813528,496813528
6814551,496814551
6815093,496815093
6817067,496817067
6817284,496817284
6817301,496817301
6817330,496817330
6817884,496817884
682323,650682323
6829276,866829276
6829494,646829494
6835898,156835898
6836007,156836007
6847597,366847597
6855132,746855132
6855945,636855945
6865721,546865721
6875062,316875062
6875063,316875063
6875066,316875066
6877332,276877332
6880130,476880130
6887430,166887430
6887465,166887465
6903441,156903441
6912878,226912878
6913910,156913910
6915952,156915952
6916054,156916054
6916061,156916061
6916072,156916072
6922233,166922233
6950853,156950853
6950962,156950962
6951431,156951431
6951492,156951492
6966334,516966334
6971653,316971653
6973326,136973326
6973371,136973371
6978168,156978168
6981645,226981645
6981646,226981646
6991169,226991169
6993122,226993122
7000504,277000504
7004956,777004956
7006536,777006536
7013423,177013423
7020283,777020283
7022325,707022325
7044374,457044374
7060465,607060465
7063358,587063358
7064175,727064175
7065360,177065360
7068776,457068776
7068809,457068809
7069086,727069086
7069694,607069694
7070910,607070910
7073190,457073190
7084402,607084402
7084469,607084469
7089944,797089944
7097591,677097591
7101923,677101923
7110154,677110154
7110440,677110440
711140,190711140
7117675,677117675
711998,190711998
7123304,607123304
712686,190712686
713455,300713455
7135672,457135672
7136397,677136397
713755,190713755
7139141,227139141
7143238,677143238
714567,190714567
715000,190715000
7152378,677152378
7158665,677158665
715930,860715930
7160464,227160464
7160488,227160488
716124,190716124
7164375,677164375
716591,190716591
717119,190717119
7172541,677172541
7176013,797176013
7176077,797176077
7183188,407183188
7193596,777193596
7204986,227204986
72062,800072062
7206679,677206679
7214456,677214456
7215887,677215887
7216572,677216572
7216929,677216929
7218343,677218343
7219897,677219897
722210,230722210
7222179,427222179
7223488,677223488
7224856,667224856
7230827,667230827
7245061,677245061
7250392,667250392
7251920,667251920
7253241,297253241
7261693,367261693
7264419,367264419
7264432,367264432
727608080,7608080,778227373
7288767,697288767
7300014,187300014
7300017,187300017
7300018,187300018
7300020,187300020
7300342,137300342
7319206,227319206
7319219,227319219
7321123,697321123
7325180,317325180
7326635,427326635
7329396,227329396
7337392,317337392
7339556,237339556
7349848,727349848
7351747,147351747
7364439,317364439
7375805,297375805
7380741,587380741
7380856,587380856
7385993,777385993
7394515,757394515
7397450,777397450
7400017,607400017
7400524,777400524
7402266,777402266
7414260,187414260
7414355,187414355
7416121,837416121
7431894,427431894
7449103,317449103
7452160,227452160
7461193,367461193
746375,220746375
7470801,317470801
747084,220747084
747258,220747258
7476845,707476845
7476852,707476852
747900,220747900
7480829,187480829
749428,820749428
7495349,517495349
7511384,187511384
7511389,187511389
7524656,317524656
7525106,367525106
7530078,767530078
754414,310754414
7544473,227544473
7544717,227544717
7544736,227544736
7548071,367548071
7548967,367548967
7569754,777569754
7570833,367570833
7574176,537574176
7586072,237586072
7598287,367598287
760193,190760193
760194,190760194
7608923,837608923
7614707,217614707
7629476,317629476
7630128,847630128
7639045,427639045
7649470,217649470
7652740,537652740
7669317,557669317
7672305,177672305
7682660,557682660
7704177,557704177
7714267,457714267
7714853,317714853
7725801,367725801
7727022,317727022
7727027,317727027
7729536,367729536
7740959,367740959
7746636,177746636
7748934,177748934
7762539,767762539
7769131,367769131
7779123,367779123
7793104,777793104
7793618,367793618
7794926,237794926
7796468,367796468
7802616,237802616
7802862,777802862
7803427,727803427
780402,240780402
7804795,567804795
7806429,227806429
7815939,367815939
7845348,847845348
7846043,847846043
7847110,847847110
7847772,847847772
784814,190784814
785823,190785823
7863262,677863262
7865697,677865697
7868725,777868725
7869330,777869330
7878344,827878344
7878391,317878391
7910013,677910013
7912011,677912011
7916788,677916788
7917842,217917842
7921326,497921326
7926097,677926097
7928070,677928070
7929104,677929104
7929352,677929352
7935571,757935571
7946284,677946284
7948108,517948108
7949531,427949531
7951434,177951434
7952994,677952994
7961519,367961519
7965442,677965442
7967341,317967341
7971862,777971862
7974453,677974453
7975934,677975934
7975951,677975951
7976200,677976200
798173,270798173
7985466,247985466
7990223,667990223
7994316,367994316
800632,230800632
801113,220801113
8011500,328011500
8018094,608018094
8018316,608018316
8018319,608018319
8018331,608018331
8021741,458021741
8031901,228031901
8072216,218072216
8073657,218073657
8073910,218073910
8073940,218073940
8080851,518080851
8111742,698111742
8115267,668115267
8115483,668115483
8115528,668115528
8119289,698119289
8119312,668119312
8121033,668121033
8129978,318129978
8130046,808130046
8136087,548136087
8152766,798152766
8153910,838153910
8157233,798157233
8181909,178181909
8187239,318187239
8192753,138192753
8227874,668227874
8231192,668231192
8231280,668231280
8231426,668231426
8232210,668232210
8233176,668233176
8235504,608235504
8237927,518237927
8245973,138245973
8249098,518249098
8251424,668251424
8253059,178253059
8256206,798256206
8256794,798256794
8258207,798258207
8259161,798259161
8259289,798259289
8260161,798260161
8261308,518261308
826976,190826976
827416,190827416
82806,810082806
8284605,748284605
8333516,648333516
83477,320083477
8371706,518371706
8376920,318376920
8379214,318379214
8379246,318379246
8379518,318379518
8392896,758392896
8397266,518397266
8412496,708412496
8417583,828417583
8419046,768419046
8419047,768419047
8419049,768419049
8419050,768419050
842192,190842192
8424685,828424685
8425643,228425643
8425664,228425664
8425666,228425666
8435199,668435199
8435308,668435308
8436515,228436515
8436795,668436795
8439076,768439076
84432,810084432
8447122,738447122
8447262,738447262
8450463,738450463
845224,220845224
845381,220845381
845466,220845466
845487,220845487
845519,220845519
845550,220845550
8481455,768481455
8481458,768481458
8481461,768481461
8481464,768481464
8481465,768481465
8488080,188488080
8492888,758492888
8497416,788497416
8498793,228498793
8507207,758507207
851307,180851307
851308,180851308
851312,180851312
851313,180851313
8518487,758518487
8535778,738535778
8545377,738545377
8550087,318550087
8554086,518554086
85556,320085556
8579585,168579585
8579832,458579832
8595848,138595848
8596762,138596762
86111,810086111
8626149,228626149
8626167,228626167
8659744,708659744
8667480,228667480
8675618,228675618
8700554,228700554
8700612,228700612
8704535,418704535
870778,190870778
870798,190870798
8729917,318729917
8757344,708757344
8757348,708757348
8763926,608763926
8791510,268791510
8812436,318812436
8816983,568816983
8820028,528820028
8826843,238826843
8827325,238827325
8827451,238827451
8829639,238829639
8842573,518842573
886869,170886869
887444,720887444
887480,170887480
8894636,278894636
8894880,758894880
8898977,658898977
8901696,658901696
8950597,568950597
8966202,608966202
8977106,488977106
898241,740898241
8993733,668993733
902326,180902326
902330,180902330
902347,180902347
903207,230903207
9037546,179037546
9042108,669042108
9054332,669054332
9055012,669055012
9055014,669055014
9055283,669055283
9055345,669055345
9056758,669056758
9057377,669057377
9070039,319070039
9070912,319070912
9070989,319070989
9071205,319071205
9079576,319079576
9080813,319080813
9086082,319086082
9117353,759117353
913026,560913026
9131334,319131334
9167579,759167579
9170242,229170242
9174680,269174680
9174930,189174930
9191247,269191247
9198848,269198848
920689,500920689
922178,180922178
924588,170924588
9263955,779263955
9263959,779263959
9293042,179293042
9293094,179293094
9293127,179293127
9293159,179293159
9298010,839298010
9328880,459328880
933578,810933578
933806,810933806
9338738,229338738
9338792,229338792
934461,810934461
9353925,789353925
936422,810936422
9365147,309365147
9378306,249378306
9394508,449394508
939651,810939651
9399656,229399656
9401601,269401601
9405162,709405162
9407772,269407772
9413421,819413421
9420210,719420210
9420213,719420213
9423516,519423516
9424663,819424663
9427369,229427369
9427556,819427556
9428528,519428528
9432878,319432878
943459,810943459
9442032,229442032
9442033,229442033
9442038,229442038
9442039,229442039
9442040,229442040
9443330,819443330
9444631,519444631
9466912,229466912
9479202,229479202
9496630,759496630
9505309,249505309
9507641,759507641
950861,320950861
9524498,659524498
955034,220955034
955043,220955043
9590851,819590851
9593007,189593007
9593038,189593038
9593155,189593155
9593742,189593742
9595182,189595182
9598053,189598053
9599617,189599617
9600254,189600254
9614121,729614121
9614278,149614278
9661233,819661233
9664638,669664638
9664896,789664896
9667569,789667569
9667631,789667631
9667803,669667803
9669024,789669024
9672162,269672162
9677258,609677258
9688673,249688673
9694124,809694124
9714220,829714220
9742429,249742429
97773,810097773
9780170,669780170
9786246,669786246
9790110,669790110
9802632,669802632
9810283,549810283
9812665,219812665
9825734,669825734
9825895,269825895
9826255,669826255
9827611,829827611
9830141,649830141
9831827,669831827
9831991,669831991
9832466,669832466
9832515,669832515
9832537,669832537
9832556,669832556
9833097,669833097
9833148,669833148
9834621,669834621
9835997,669835997
9836568,669836568
9836703,669836703
9838167,669838167
9839124,669839124
9839181,219839181
9841821,709841821
9843982,309843982
9855394,319855394
9857830,219857830
9858322,669858322
9862756,249862756
9870284,219870284
9885179,799885179
9886020,219886020
9887186,799887186
9888130,799888130
990651,220990651
9916399,229916399
991885,630991885
9920427,159920427
9922084,639922084
9922119,639922119
9922905,639922905
9933681,159933681
9936765,219936765
9940685,159940685
9954010,759954010
9960077,219960077
9967854,639967854
997420,630997420
9984269,319984269
9984750,749984750
9985277,839985277
9987677,839987677
9987708,839987708
